Cosine Distance Metrics:
+----+--------+------------+----------+-------------+----------+------------+
|    |   Fold |   Accuracy |      AUC |   Precision |   Recall |   F1-Score |
+====+========+============+==========+=============+==========+============+
|  0 |      1 |   0.383929 | 0.27309  |    0.40971  | 0.285649 |   0.320728 |
+----+--------+------------+----------+-------------+----------+------------+
|  1 |      2 |   0.383929 | 0.25224  |    0.502418 | 0.2825   |   0.338944 |
+----+--------+------------+----------+-------------+----------+------------+
|  2 |      3 |   0.410714 | 0.226907 |    0.617381 | 0.314313 |   0.388823 |
+----+--------+------------+----------+-------------+----------+------------+
|  3 |      4 |   0.4375   | 0.254332 |    0.591276 | 0.359869 |   0.435361 |
+----+--------+------------+----------+-------------+----------+------------+
|  4 |      5 |   0.4375   | 0.258237 |    0.585476 | 0.338916 |   0.412173 |
+----+--------+------------+----------+-------------+----------+------------+
|  5 |      6 |   0.473214 | 0.266159 |    0.483329 | 0.345    |   0.389198 |
+----+--------+------------+----------+-------------+----------+------------+
|  6 |      7 |   0.495495 | 0.225606 |    0.690873 | 0.40525  |   0.480236 |
+----+--------+------------+----------+-------------+----------+------------+
|  7 |      8 |   0.405405 | 0.241652 |    0.536732 | 0.276005 |   0.319701 |
+----+--------+------------+----------+-------------+----------+------------+
|  8 |      9 |   0.45045  | 0.23243  |    0.487241 | 0.333117 |   0.378178 |
+----+--------+------------+----------+-------------+----------+------------+
|  9 |     10 |   0.333333 | 0.209217 |    0.336411 | 0.26689  |   0.288054 |
+----+--------+------------+----------+-------------+----------+------------+

Euclidean Distance Metrics:
+----+--------+------------+----------+-------------+----------+------------+
|    |   Fold |   Accuracy |      AUC |   Precision |   Recall |   F1-Score |
+====+========+============+==========+=============+==========+============+
|  0 |      1 |   0.642857 | 0.252728 |    0.840766 | 0.562807 |   0.656094 |
+----+--------+------------+----------+-------------+----------+------------+
|  1 |      2 |   0.544643 | 0.267915 |    0.780873 | 0.477976 |   0.546205 |
+----+--------+------------+----------+-------------+----------+------------+
|  2 |      3 |   0.633929 | 0.2486   |    0.794603 | 0.563022 |   0.634542 |
+----+--------+------------+----------+-------------+----------+------------+
|  3 |      4 |   0.732143 | 0.27218  |    0.898684 | 0.700455 |   0.770917 |
+----+--------+------------+----------+-------------+----------+------------+
|  4 |      5 |   0.705357 | 0.262862 |    0.889372 | 0.641639 |   0.735404 |
+----+--------+------------+----------+-------------+----------+------------+
|  5 |      6 |   0.741071 | 0.257145 |    0.902734 | 0.70427  |   0.779352 |
+----+--------+------------+----------+-------------+----------+------------+
|  6 |      7 |   0.693694 | 0.265918 |    0.898046 | 0.643548 |   0.738134 |
+----+--------+------------+----------+-------------+----------+------------+
|  7 |      8 |   0.630631 | 0.269876 |    0.735    | 0.508403 |   0.578894 |
+----+--------+------------+----------+-------------+----------+------------+
|  8 |      9 |   0.621622 | 0.279069 |    0.734452 | 0.520418 |   0.596104 |
+----+--------+------------+----------+-------------+----------+------------+
|  9 |     10 |   0.504505 | 0.270485 |    0.641068 | 0.441573 |   0.506868 |
+----+--------+------------+----------+-------------+----------+------------+